aja_ee199920_990 6,31 18,32
aja_ee199920_996 1,17 12,18
aja_ee199920_1007 2,12 4,15
aja_ee199920_1010 3,12 18,11
aja_ee199920_1012 1,6 4,8
aja_ee199920_1014 2,10 9,1
aja_ee199920_1014 8,5 9,6
aja_ee199920_1016 4,9 11,6
aja_ee199920_1016 4,9 11,7
aja_ee199920_1024 2,5 4,1
aja_ee199920_1024 2,8 4,1
aja_ee199920_1034 7,11 14,10
aja_ee199920_1034 11,9 14,10
aja_ee199920_1036 3,40 32,41
aja_ee199920_1036 7,33 32,38
aja_ee199920_1036 7,33 32,39
aja_ee199920_1036 7,33 32,41
aja_ee199920_1036 7,34 32,38
aja_ee199920_1036 7,34 32,39
aja_ee199920_1036 7,34 32,41
aja_ee199920_1036 32,38 39,35
aja_ee199920_1036 32,38 39,37
aja_ee199920_1040 7,11 8,14
aja_ee199920_1040 7,11 8,17
aja_ee199920_1040 7,11 8,20
aja_ee199920_1040 7,11 8,28
aja_ee199920_1040 7,11 8,32
aja_ee199920_1040 7,11 8,35
aja_ee199920_1040 7,11 8,39
aja_ee199920_1040 7,11 8,45
aja_ee199920_1040 7,11 8,52
aja_ee199920_1040 7,16 8,17
aja_ee199920_1040 7,16 8,20
aja_ee199920_1040 7,16 8,28
aja_ee199920_1040 7,16 8,32
aja_ee199920_1040 7,16 8,35
aja_ee199920_1040 7,16 8,39
aja_ee199920_1040 7,16 8,45
aja_ee199920_1040 7,16 8,52
aja_ee199920_1040 7,19 8,20
aja_ee199920_1040 7,19 8,28
aja_ee199920_1040 7,19 8,32
aja_ee199920_1040 7,19 8,35
aja_ee199920_1040 7,19 8,39
aja_ee199920_1040 7,19 8,45
aja_ee199920_1040 7,19 8,52
aja_ee199920_1040 7,24 8,28
aja_ee199920_1040 7,24 8,32
aja_ee199920_1040 7,24 8,35
aja_ee199920_1040 7,24 8,39
aja_ee199920_1040 7,24 8,45
aja_ee199920_1040 7,24 8,52
aja_ee199920_1040 7,29 8,32
aja_ee199920_1040 7,29 8,35
aja_ee199920_1040 7,29 8,39
aja_ee199920_1040 7,29 8,45
aja_ee199920_1040 7,29 8,52
aja_ee199920_1040 7,34 8,35
aja_ee199920_1040 7,34 8,39
aja_ee199920_1040 7,34 8,45
aja_ee199920_1040 7,34 8,52
aja_ee199920_1040 7,36 8,39
aja_ee199920_1040 7,36 8,45
aja_ee199920_1040 7,36 8,52
aja_ee199920_1040 7,42 8,45
aja_ee199920_1040 7,42 8,52
aja_ee199920_1040 7,49 8,52
aja_ee199920_1041 3,6 9,4
aja_ee199920_1041 3,6 9,5
aja_ee199920_1042 3,8 11,7
aja_ee199920_1042 8,4 11,7
aja_ee199920_1042 8,5 11,7
aja_ee199920_1046 4,12 8,1
aja_ee199920_1046 4,12 8,2
aja_ee199920_1046 4,12 8,3
aja_ee199920_1046 4,12 8,18
aja_ee199920_1046 4,12 8,19
aja_ee199920_1046 4,12 8,20
aja_ee199920_1046 4,12 8,25
aja_ee199920_1049 20,23 28,21
aja_ee199920_1049 20,23 28,22
aja_ee199920_1050 4,6 7,5
aja_ee199920_1052 17,23 22,24
aja_ee199920_1052 22,24 23,18
aja_ee199920_1052 22,24 23,19
aja_ee199920_1052 22,24 23,21
aja_ee199920_1053 5,11 12,9
aja_ee199920_1053 11,6 12,9
aja_ee199920_1053 11,7 12,9
aja_ee199920_1053 11,8 12,9
aja_ee199920_1088 4,9 6,11
aja_ee199920_1088 4,9 6,21
aja_ee199920_1088 4,10 6,11
aja_ee199920_1088 4,10 6,21
aja_ee199920_1088 11,14 13,17
aja_ee199920_1090 2,5 6,3
aja_ee199920_1094 3,12 5,2
aja_ee199920_1094 3,12 5,19
aja_ee199920_1094 3,20 5,2
aja_ee199920_1110 3,10 6,24
aja_ee199920_1110 3,10 7,23
aja_ee199920_1113 3,1 8,2
aja_ee199920_1130 10,12 16,11
aja_ee199920_1134 24,32 33,27
aja_ee199920_1134 32,25 33,27
aja_ee199920_1134 32,26 33,27
aja_ee199920_1134 32,34 33,27
aja_ee199920_1134 32,35 33,27
aja_ee199920_1140 9,16 20,15
aja_ee199920_1140 16,13 20,15
aja_ee199920_1140 16,14 20,15
aja_ee199920_1155 3,6 12,4
aja_ee199920_1159 1,3 11,2
aja_ee199920_1159 7,1 11,2
aja_ee199920_1173 20,26 30,25
aja_ee199920_1191 14,9 17,11
aja_ee199920_1191 14,10 17,11
aja_ee199920_1194 16,19 18,22
aja_ee199920_1195 4,2 14,3
aja_ee199920_1206 2,9 5,1
aja_ee199920_1209 13,20 19,23
aja_ee199920_1211 6,1 7,2
aja_ee199920_1212 13,16 20,15
aja_ee199920_1212 13,23 28,21
aja_ee199920_1212 13,23 28,22
aja_ee199920_1230 12,15 14,17
aja_ee199920_1232 5,8 7,9
aja_ee199920_1271 5,9 7,10
aja_ee199920_1277 2,12 14,6
aja_ee199920_1286 17,19 20,18
aja_ee199920_1289 1,9 8,10
aja_ee199920_1289 1,9 11,6
aja_ee199920_1289 1,9 11,7
aja_ee199920_1289 1,9 11,8
aja_ee199920_1312 8,14 16,13
aja_ee199920_1312 14,17 16,13
aja_ee199920_1312 14,19 16,13
aja_ee199920_1321 4,6 8,5
aja_ee199920_1336 7,4 9,6
aja_ee199920_1348 6,16 8,1
aja_ee199920_1348 6,16 8,18
aja_ee199920_1348 6,16 8,20
aja_ee199920_1348 6,17 8,1
aja_ee199920_1348 6,17 8,18
aja_ee199920_1348 6,17 8,20
aja_ee199920_1400 2,7 4,1
aja_ee199920_1401 2,7 3,1
aja_ee199920_1402 2,7 4,1
aja_ee199920_1425 11,8 15,10
aja_ee199920_1432 11,15 16,14
aja_ee199920_1432 11,15 18,13
aja_ee199920_1432 11,35 32,38
aja_ee199920_1432 11,35 32,41
aja_ee199920_1432 11,35 36,34
aja_ee199920_1432 27,33 32,38
aja_ee199920_1432 27,33 32,41
aja_ee199920_1434 3,8 7,10
aja_ee199920_1434 3,16 15,23
aja_ee199920_1443 5,7 20,6
aja_ee199920_1443 5,13 20,6
aja_ee199920_1443 5,17 20,6
aja_ee199920_1446 8,12 17,11
aja_ee199920_1456 2,15 4,1
aja_ee199920_1456 2,22 4,1
aja_ee199920_1463 17,22 21,23
aja_ee199920_1466 3,1 4,2
