aja_ee199920_13 8,10 13,9
aja_ee199920_18 13,16 18,14
aja_ee199920_18 13,17 18,14
aja_ee199920_29 13,17 19,16
aja_ee199920_32 14,20 22,16
aja_ee199920_32 14,20 22,17
aja_ee199920_41 5,12 6,14
aja_ee199920_56 12,15 13,17
aja_ee199920_56 12,15 13,21
aja_ee199920_56 12,20 13,21
aja_ee199920_56 12,20 22,18
aja_ee199920_56 13,21 22,18
aja_ee199920_61 4,11 12,6
aja_ee199920_61 4,11 12,8
aja_ee199920_82 6,8 9,7
aja_ee199920_83 15,17 18,16
aja_ee199920_84 6,8 12,7
aja_ee199920_91 3,1 4,2
aja_ee199920_102 3,8 5,1
aja_ee199920_106 3,1 6,2
aja_ee199920_111 6,9 10,8
aja_ee199920_128 7,12 8,13
aja_ee199920_128 7,12 8,17
aja_ee199920_128 7,12 8,21
aja_ee199920_128 7,14 8,17
aja_ee199920_128 7,14 8,21
aja_ee199920_128 7,18 8,21
aja_ee199920_130 2,5 6,4
aja_ee199920_132 3,8 4,1
aja_ee199920_133 6,3 12,5
aja_ee199920_160 3,11 10,15
aja_ee199920_161 2,10 11,7
aja_ee199920_161 2,10 11,8
aja_ee199920_161 2,10 11,9
aja_ee199920_164 4,6 8,5
aja_ee199920_169 13,20 15,1
aja_ee199920_169 13,20 15,22
aja_ee199920_169 13,20 15,24
aja_ee199920_169 13,21 15,1
aja_ee199920_169 13,21 15,22
aja_ee199920_169 13,21 15,24
aja_ee199920_176 9,13 14,12
aja_ee199920_176 9,19 20,18
aja_ee199920_176 13,10 14,12
aja_ee199920_176 19,15 20,18
aja_ee199920_183 3,6 4,1
aja_ee199920_189 5,10 8,2
aja_ee199920_189 5,10 8,3
aja_ee199920_189 5,10 8,13
aja_ee199920_189 5,10 8,14
aja_ee199920_207 2,12 13,8
aja_ee199920_207 12,3 13,8
aja_ee199920_207 12,4 13,8
aja_ee199920_207 12,14 13,8
aja_ee199920_207 12,25 13,8
aja_ee199920_209 2,4 3,7
aja_ee199920_209 2,5 3,7
aja_ee199920_210 9,2 10,7
aja_ee199920_210 9,3 10,7
aja_ee199920_210 9,11 10,7
aja_ee199920_219 3,8 6,9
aja_ee199920_240 2,9 4,1
aja_ee199920_240 2,14 4,1
aja_ee199920_249 10,8 11,9
aja_ee199920_253 15,18 17,30
aja_ee199920_253 15,31 30,32
aja_ee199920_253 15,31 30,36
aja_ee199920_253 15,33 30,36
aja_ee199920_255 17,21 20,22
aja_ee199920_260 3,7 6,1
aja_ee199920_262 4,10 11,6
aja_ee199920_262 4,10 11,7
aja_ee199920_262 4,10 11,9
aja_ee199920_268 6,10 12,7
aja_ee199920_271 3,5 4,8
aja_ee199920_271 15,21 23,20
aja_ee199920_271 21,19 23,20
aja_ee199920_305 3,1 6,2
aja_ee199920_316 11,1 12,5
aja_ee199920_316 11,1 12,6
aja_ee199920_316 11,1 12,7
aja_ee199920_316 11,1 12,8
aja_ee199920_316 11,1 12,9
aja_ee199920_316 11,2 12,5
aja_ee199920_316 11,2 12,6
aja_ee199920_316 11,2 12,7
aja_ee199920_316 11,2 12,8
aja_ee199920_316 11,2 12,9
aja_ee199920_316 11,4 12,5
aja_ee199920_316 11,4 12,6
aja_ee199920_316 11,4 12,7
aja_ee199920_316 11,4 12,8
aja_ee199920_316 11,4 12,9
aja_ee199920_322 8,6 9,7
aja_ee199920_334 1,3 5,2
aja_ee199920_336 13,11 15,12
aja_ee199920_338 3,10 6,2
aja_ee199920_338 3,13 6,2
aja_ee199920_338 3,21 6,2
aja_ee199920_344 9,12 16,11
aja_ee199920_344 9,14 16,11
aja_ee199920_358 13,16 14,17
aja_ee199920_368 8,14 10,1
aja_ee199920_368 8,14 10,16
aja_ee199920_368 8,14 10,18
aja_ee199920_368 8,15 10,1
aja_ee199920_368 8,15 10,16
aja_ee199920_368 8,15 10,18
aja_ee199920_373 2,27 26,28
aja_ee199920_376 12,19 20,16
aja_ee199920_376 12,19 20,18
aja_ee199920_376 19,13 20,16
aja_ee199920_376 19,13 20,18
aja_ee199920_376 19,14 20,16
aja_ee199920_376 19,14 20,18
aja_ee199920_376 19,15 20,16
aja_ee199920_376 19,15 20,18
aja_ee199920_376 19,25 20,16
aja_ee199920_376 19,25 20,18
aja_ee199920_376 19,26 20,16
aja_ee199920_376 19,26 20,18
aja_ee199920_376 19,26 25,27
aja_ee199920_376 19,28 20,16
aja_ee199920_376 19,28 20,18
aja_ee199920_376 19,35 20,16
aja_ee199920_376 19,35 20,18
aja_ee199920_383 4,20 6,2
aja_ee199920_392 6,2 11,4
aja_ee199920_392 6,2 11,5
aja_ee199920_392 6,3 11,4
aja_ee199920_392 6,3 11,5
aja_ee199920_392 6,12 11,4
aja_ee199920_392 6,12 11,5
aja_ee199920_393 5,20 19,21
aja_ee199920_395 4,13 12,15
aja_ee199920_407 10,18 11,5
aja_ee199920_408 5,12 11,2
aja_ee199920_412 3,8 9,7
aja_ee199920_420 7,2 8,4
aja_ee199920_420 7,9 8,4
aja_ee199920_420 7,10 8,4
aja_ee199920_426 8,12 18,11
aja_ee199920_426 12,10 18,11
aja_ee199920_426 12,21 18,11
aja_ee199920_443 3,8 4,2
aja_ee199920_458 1,4 2,9
aja_ee199920_458 1,4 2,10
aja_ee199920_458 1,4 2,11
aja_ee199920_458 1,4 2,16
aja_ee199920_458 1,4 2,20
aja_ee199920_478 5,1 12,2
aja_ee199920_481 12,1 16,11
aja_ee199920_484 16,19 21,17
aja_ee199920_484 16,19 21,18
aja_ee199920_486 3,1 5,2
aja_ee199920_486 5,2 12,3
